1 0.37395833333333334 0.08828125 0.052083333333333336 0.0390625
1 0.3802083333333333 0.09609375 0.052083333333333336 0.0390625
1 0.378125 0.11093750000000001 0.052083333333333336 0.0390625
1 0.36666666666666664 0.13671875 0.052083333333333336 0.0390625
1 0.35104166666666664 0.23203125000000002 0.052083333333333336 0.0390625
1 0.3260416666666667 0.31328125 0.052083333333333336 0.0390625
1 0.3177083333333333 0.42109375000000004 0.052083333333333336 0.0390625
1 0.8760416666666666 0.21953125 0.052083333333333336 0.0390625
1 0.8614583333333333 0.24296875 0.052083333333333336 0.0390625
1 0.8520833333333333 0.30625 0.052083333333333336 0.0390625
1 0.8510416666666667 0.3875 0.052083333333333336 0.0390625
1 0.8708333333333333 0.4890625 0.052083333333333336 0.0390625
1 0.853125 0.63203125 0.052083333333333336 0.0390625
1 0.8395833333333333 0.75546875 0.052083333333333336 0.0390625
