1 0.26875 0.17734375000000002 0.052083333333333336 0.0390625
1 0.23020833333333332 0.284375 0.052083333333333336 0.0390625
1 0.25416666666666665 0.38125000000000003 0.052083333333333336 0.0390625
1 0.275 0.50703125 0.052083333333333336 0.0390625
1 0.465625 0.7578125 0.052083333333333336 0.0390625
1 0.1875 0.32578125 0.052083333333333336 0.0390625
1 0.17083333333333334 0.415625 0.052083333333333336 0.0390625
1 0.16145833333333334 0.52734375 0.052083333333333336 0.0390625
1 0.125 0.63828125 0.052083333333333336 0.0390625
1 0.771875 0.25625000000000003 0.052083333333333336 0.0390625
1 0.7510416666666666 0.32890625 0.052083333333333336 0.0390625
1 0.75 0.39296875000000003 0.052083333333333336 0.0390625
1 0.7354166666666666 0.509375 0.052083333333333336 0.0390625
1 0.76875 0.65625 0.052083333333333336 0.0390625
1 0.8572916666666667 0.7898437500000001 0.052083333333333336 0.0390625
1 0.7052083333333333 0.240625 0.052083333333333336 0.0390625
1 0.69375 0.31875000000000003 0.052083333333333336 0.0390625
1 0.64375 0.46484375 0.052083333333333336 0.0390625
1 0.40625 0.77109375 0.052083333333333336 0.0390625
