1 0.275 0.31640625 0.052083333333333336 0.0390625
1 0.25625 0.41015625 0.052083333333333336 0.0390625
1 0.22708333333333333 0.5015625 0.052083333333333336 0.0390625
1 0.24583333333333332 0.6257812500000001 0.052083333333333336 0.0390625
1 0.29791666666666666 0.8148437500000001 0.052083333333333336 0.0390625
1 0.3833333333333333 0.8953125000000001 0.052083333333333336 0.0390625
1 0.4770833333333333 0.2984375 0.052083333333333336 0.0390625
1 0.49166666666666664 0.32890625 0.052083333333333336 0.0390625
1 0.5041666666666667 0.403125 0.052083333333333336 0.0390625
1 0.5447916666666667 0.52265625 0.052083333333333336 0.0390625
1 0.5697916666666667 0.63671875 0.052083333333333336 0.0390625
1 0.6520833333333333 0.7703125000000001 0.052083333333333336 0.0390625
1 0.7 0.87109375 0.052083333333333336 0.0390625
1 0.865625 0.56796875 0.052083333333333336 0.0390625
1 0.8833333333333333 0.63828125 0.052083333333333336 0.0390625
1 0.9249999999999999 0.7671875 0.052083333333333336 0.0390625
1 0.946875 0.846875 0.052083333333333336 0.0390625
