1 0.6229166666666667 0.5171875 0.2583333333333333 0.146875
1 0.8786458333333333 0.307421875 0.11354166666666667 0.09765625
1 0.5473958333333333 0.533203125 0.796875 0.17578125
1 0.38177083333333334 0.533203125 0.24687499999999998 0.16328125000000002
1 0.9078125 0.583203125 0.128125 0.10078125
1 0.6005208333333333 0.6156250000000001 0.11979166666666667 0.09062500000000001
1 0.8916666666666666 0.6449218750000001 0.11666666666666667 0.06796875000000001
1 0.7067708333333333 0.397265625 0.20520833333333333 0.16484375
1 0.9067708333333333 0.393359375 0.18645833333333334 0.12578125
1 0.21614583333333334 0.6472656250000001 0.15104166666666666 0.09140625000000001
1 0.11614583333333334 0.6515625 0.16145833333333334 0.1484375
1 0.1796875 0.523046875 0.109375 0.08203125
1 0.42343749999999997 0.6101562500000001 0.16770833333333332 0.07187500000000001
1 0.8880208333333334 0.1390625 0.203125 0.11093750000000001
1 0.9708333333333333 0.661328125 0.058333333333333334 0.12734375
