1 0.7010416666666667 0.10859375 0.20208333333333334 0.09843750000000001
1 0.5015625 0.119140625 0.06979166666666667 0.07734375
1 0.6192708333333333 0.6839843750000001 0.390625 0.25078125
1 0.4552083333333333 0.446875 0.2 0.11093750000000001
1 0.9302083333333333 0.7359375 0.13958333333333334 0.096875
1 0.2171875 0.6042968750000001 0.24270833333333333 0.18046875
1 0.7723958333333333 0.85546875 0.20520833333333333 0.1453125
1 0.509375 0.29531250000000003 0.22916666666666666 0.1265625
1 0.21875 0.353125 0.31666666666666665 0.21250000000000002
1 0.75 0.28164062500000003 0.3104166666666667 0.31484375000000003
1 0.4046875 0.18046875 0.159375 0.06875
1 0.9348958333333334 0.6203125 0.13020833333333334 0.19062500000000002
1 0.7005208333333334 0.028125 0.08645833333333333 0.05625
1 0.9432291666666667 0.45351562500000003 0.11354166666666667 0.11796875000000001
1 0.5703125 0.036328125 0.051041666666666666 0.06328125
1 0.5140625 0.023046875 0.042708333333333334 0.04609375
