1 0.8869791666666667 0.498046875 0.15104166666666666 0.10234375000000001
1 0.9583333333333334 0.55078125 0.08333333333333333 0.0859375
1 0.6770833333333334 0.696875 0.6458333333333334 0.2765625
1 0.7515625 0.44648437500000004 0.19479166666666667 0.15546875000000002
1 0.7828125 0.5652343750000001 0.090625 0.07109375
1 0.375 0.178125 0.13541666666666666 0.046875
1 0.70625 0.5015625 0.29375 0.453125
1 0.47604166666666664 0.6824218750000001 0.3645833333333333 0.55390625
1 0.6885416666666666 0.587890625 0.6166666666666667 0.5476562500000001
1 0.6671875 0.427734375 0.665625 0.45078125
1 0.48020833333333335 0.658203125 0.9604166666666667 0.6585937500000001
1 0.37395833333333334 0.44296875 0.70625 0.4421875
1 0.6932291666666667 0.5261718750000001 0.14479166666666665 0.14765625000000002
