1 0.6151041666666667 0.251171875 0.13645833333333332 0.11796875000000001
1 0.5979166666666667 0.41835937500000003 0.3458333333333333 0.26796875000000003
1 0.07291666666666667 0.59609375 0.14583333333333334 0.19375
1 0.33958333333333335 0.43867187500000004 0.12291666666666666 0.17890625000000002
1 0.6588541666666666 0.622265625 0.3052083333333333 0.19609375
1 0.23541666666666666 0.46992187500000004 0.16875 0.15234375
1 0.38125 0.47421875 0.04375 0.07968750000000001
1 0.090625 0.427734375 0.18125 0.16953125000000002
1 0.11666666666666667 0.812109375 0.23333333333333334 0.20859375000000002
1 0.8473958333333333 0.501171875 0.3052083333333333 0.12734375
1 0.9588541666666667 0.736328125 0.08229166666666667 0.20703125
1 0.33958333333333335 0.8 0.22916666666666666 0.1484375
1 0.46979166666666666 0.751953125 0.17083333333333334 0.15703125
