1 0.78125 0.08203125 0.052083333333333336 0.0390625
1 0.790625 0.178125 0.052083333333333336 0.0390625
1 0.7489583333333333 0.32421875 0.052083333333333336 0.0390625
1 0.759375 0.534375 0.052083333333333336 0.0390625
1 0.821875 0.73203125 0.052083333333333336 0.0390625
1 0.4197916666666667 0.26796875000000003 0.052083333333333336 0.0390625
1 0.4166666666666667 0.353125 0.052083333333333336 0.0390625
1 0.4322916666666667 0.46953125 0.052083333333333336 0.0390625
1 0.4552083333333333 0.6039062500000001 0.052083333333333336 0.0390625
1 0.55 0.7078125000000001 0.052083333333333336 0.0390625
1 0.6177083333333333 0.74609375 0.052083333333333336 0.0390625
