1 0.4427083333333333 0.0578125 0.052083333333333336 0.0390625
1 0.4302083333333333 0.09453125000000001 0.052083333333333336 0.0390625
1 0.3833333333333333 0.18671875000000002 0.052083333333333336 0.0390625
1 0.3677083333333333 0.26484375 0.052083333333333336 0.0390625
1 0.3208333333333333 0.390625 0.052083333333333336 0.0390625
1 0.3177083333333333 0.5578125 0.052083333333333336 0.0390625
1 0.3229166666666667 0.6890625 0.052083333333333336 0.0390625
1 0.09375 0.15781250000000002 0.052083333333333336 0.0390625
1 0.125 0.21796875000000002 0.052083333333333336 0.0390625
1 0.15520833333333334 0.33671875 0.052083333333333336 0.0390625
1 0.21354166666666666 0.47968750000000004 0.052083333333333336 0.0390625
1 0.2520833333333333 0.63984375 0.052083333333333336 0.0390625
1 0.3260416666666667 0.81171875 0.052083333333333336 0.0390625
1 0.6822916666666666 0.40390625 0.052083333333333336 0.0390625
1 0.7041666666666666 0.521875 0.052083333333333336 0.0390625
1 0.7447916666666666 0.6359375 0.052083333333333336 0.0390625
1 0.7489583333333333 0.7328125000000001 0.052083333333333336 0.0390625
1 0.73125 0.8617187500000001 0.052083333333333336 0.0390625
