1 0.6208333333333333 0.05625 0.052083333333333336 0.0390625
1 0.5947916666666666 0.12187500000000001 0.052083333333333336 0.0390625
1 0.5552083333333333 0.22421875000000002 0.052083333333333336 0.0390625
1 0.5479166666666666 0.36953125000000003 0.052083333333333336 0.0390625
1 0.6229166666666667 0.5375 0.052083333333333336 0.0390625
1 0.7197916666666666 0.61875 0.052083333333333336 0.0390625
1 0.321875 0.14609375 0.052083333333333336 0.0390625
1 0.321875 0.20703125 0.052083333333333336 0.0390625
1 0.29583333333333334 0.29453125 0.052083333333333336 0.0390625
1 0.259375 0.39140625 0.052083333333333336 0.0390625
1 0.13854166666666667 0.50234375 0.052083333333333336 0.0390625
1 0.026041666666666668 0.6179687500000001 0.052083333333333336 0.0390625
1 0.9093749999999999 0.1796875 0.052083333333333336 0.0390625
1 0.9229166666666666 0.20078125000000002 0.052083333333333336 0.0390625
1 0.9697916666666666 0.33828125000000003 0.052083333333333336 0.0390625
1 0.8697916666666666 0.14921875 0.052083333333333336 0.0390625
1 0.64375 0.01953125 0.052083333333333336 0.0390625
