1 0.20520833333333333 0.2921875 0.052083333333333336 0.0390625
1 0.20520833333333333 0.38125000000000003 0.052083333333333336 0.0390625
1 0.21666666666666667 0.46640625 0.052083333333333336 0.0390625
1 0.18645833333333334 0.5609375 0.052083333333333336 0.0390625
1 0.14791666666666667 0.6515625 0.052083333333333336 0.0390625
1 0.12083333333333333 0.6820312500000001 0.052083333333333336 0.0390625
1 0.5458333333333333 0.0890625 0.052083333333333336 0.0390625
1 0.5510416666666667 0.16875 0.052083333333333336 0.0390625
1 0.5802083333333333 0.30781250000000004 0.052083333333333336 0.0390625
1 0.540625 0.4921875 0.052083333333333336 0.0390625
1 0.5 0.59765625 0.052083333333333336 0.0390625
1 0.45416666666666666 0.66328125 0.052083333333333336 0.0390625
1 0.9354166666666667 0.01953125 0.052083333333333336 0.0390625
1 0.9052083333333333 0.146875 0.052083333333333336 0.0390625
1 0.9291666666666667 0.2984375 0.052083333333333336 0.0390625
