1 0.16666666666666666 0.021875000000000002 0.052083333333333336 0.0390625
1 0.15625 0.11875000000000001 0.052083333333333336 0.0390625
1 0.178125 0.31484375000000003 0.052083333333333336 0.0390625
1 0.12291666666666666 0.56640625 0.052083333333333336 0.0390625
1 0.04375 0.753125 0.052083333333333336 0.0390625
1 0.28020833333333334 0.078125 0.052083333333333336 0.0390625
1 0.2833333333333333 0.18515625000000002 0.052083333333333336 0.0390625
1 0.2739583333333333 0.375 0.052083333333333336 0.0390625
1 0.315625 0.58828125 0.052083333333333336 0.0390625
1 0.4083333333333333 0.77890625 0.052083333333333336 0.0390625
1 0.7854166666666667 0.19843750000000002 0.052083333333333336 0.0390625
1 0.7770833333333333 0.2671875 0.052083333333333336 0.0390625
1 0.765625 0.34921875 0.052083333333333336 0.0390625
1 0.7447916666666666 0.45625000000000004 0.052083333333333336 0.0390625
1 0.7760416666666666 0.6046875 0.052083333333333336 0.0390625
1 0.8 0.7195312500000001 0.052083333333333336 0.0390625
1 0.8208333333333333 0.7796875000000001 0.052083333333333336 0.0390625
