1 0.303125 0.14375000000000002 0.052083333333333336 0.0390625
1 0.321875 0.21484375 0.052083333333333336 0.0390625
1 0.321875 0.30000000000000004 0.052083333333333336 0.0390625
1 0.33229166666666665 0.4234375 0.052083333333333336 0.0390625
1 0.3229166666666667 0.5390625 0.052083333333333336 0.0390625
1 0.3104166666666667 0.7250000000000001 0.052083333333333336 0.0390625
1 0.5677083333333334 0.06171875 0.052083333333333336 0.0390625
1 0.5885416666666666 0.15390625000000002 0.052083333333333336 0.0390625
1 0.6020833333333333 0.23671875 0.052083333333333336 0.0390625
1 0.6427083333333333 0.34609375000000003 0.052083333333333336 0.0390625
1 0.6364583333333333 0.51875 0.052083333333333336 0.0390625
1 0.628125 0.64609375 0.052083333333333336 0.0390625
1 0.5979166666666667 0.71875 0.052083333333333336 0.0390625
1 0.8385416666666666 0.07968750000000001 0.052083333333333336 0.0390625
1 0.884375 0.1375 0.052083333333333336 0.0390625
1 0.9135416666666667 0.2171875 0.052083333333333336 0.0390625
1 0.946875 0.3375 0.052083333333333336 0.0390625
1 0.890625 0.50390625 0.052083333333333336 0.0390625
1 0.8239583333333333 0.6484375 0.052083333333333336 0.0390625
1 0.7770833333333333 0.7125 0.052083333333333336 0.0390625
1 0.08020833333333333 0.41484375 0.052083333333333336 0.0390625
1 0.12083333333333333 0.60078125 0.052083333333333336 0.0390625
1 0.11666666666666667 0.7132812500000001 0.052083333333333336 0.0390625
1 0.11562499999999999 0.7625000000000001 0.052083333333333336 0.0390625
1 0.1125 0.82578125 0.052083333333333336 0.0390625
