1 0.9364583333333333 0.09843750000000001 0.052083333333333336 0.0390625
1 0.9083333333333333 0.15546875000000002 0.052083333333333336 0.0390625
1 0.9052083333333333 0.23359375000000002 0.052083333333333336 0.0390625
1 0.8927083333333333 0.32421875 0.052083333333333336 0.0390625
1 0.9197916666666667 0.44843750000000004 0.052083333333333336 0.0390625
1 0.9177083333333333 0.5453125 0.052083333333333336 0.0390625
1 0.9562499999999999 0.65546875 0.052083333333333336 0.0390625
1 0.06354166666666666 0.6609375000000001 0.052083333333333336 0.0390625
1 0.09583333333333333 0.70234375 0.052083333333333336 0.0390625
1 0.665625 0.09765625 0.052083333333333336 0.0390625
1 0.6270833333333333 0.18046875 0.052083333333333336 0.0390625
1 0.6083333333333333 0.2734375 0.052083333333333336 0.0390625
1 0.60625 0.37421875000000004 0.052083333333333336 0.0390625
1 0.5791666666666666 0.509375 0.052083333333333336 0.0390625
1 0.5916666666666667 0.6125 0.052083333333333336 0.0390625
1 0.5916666666666667 0.69296875 0.052083333333333336 0.0390625
