1 0.9041666666666667 0.022656250000000003 0.052083333333333336 0.0390625
1 0.9489583333333333 0.1421875 0.052083333333333336 0.0390625
1 0.953125 0.26015625000000003 0.052083333333333336 0.0390625
1 0.91875 0.38359375 0.052083333333333336 0.0390625
1 0.9572916666666667 0.55703125 0.052083333333333336 0.0390625
1 0.7739583333333333 0.01953125 0.052083333333333336 0.0390625
1 0.6739583333333333 0.275 0.052083333333333336 0.0390625
1 0.6760416666666667 0.42812500000000003 0.052083333333333336 0.0390625
1 0.734375 0.6171875 0.052083333333333336 0.0390625
1 0.8333333333333334 0.74375 0.052083333333333336 0.0390625
1 0.49374999999999997 0.09765625 0.052083333333333336 0.0390625
1 0.5072916666666667 0.16875 0.052083333333333336 0.0390625
1 0.5364583333333334 0.259375 0.052083333333333336 0.0390625
1 0.5395833333333333 0.36484375 0.052083333333333336 0.0390625
1 0.54375 0.515625 0.052083333333333336 0.0390625
1 0.49374999999999997 0.6296875000000001 0.052083333333333336 0.0390625
1 0.4583333333333333 0.7078125000000001 0.052083333333333336 0.0390625
1 0.17083333333333334 0.23671875 0.052083333333333336 0.0390625
1 0.17395833333333333 0.27578125000000003 0.052083333333333336 0.0390625
1 0.09895833333333333 0.51953125 0.052083333333333336 0.0390625
1 0.06979166666666667 0.6515625 0.052083333333333336 0.0390625
