1 0.325 0.0484375 0.052083333333333336 0.0390625
1 0.33125 0.15625 0.052083333333333336 0.0390625
1 0.31354166666666666 0.29296875 0.052083333333333336 0.0390625
1 0.35833333333333334 0.4859375 0.052083333333333336 0.0390625
1 0.4166666666666667 0.6078125000000001 0.052083333333333336 0.0390625
1 0.471875 0.6625000000000001 0.052083333333333336 0.0390625
1 0.80625 0.30625 0.052083333333333336 0.0390625
1 0.8208333333333333 0.375 0.052083333333333336 0.0390625
1 0.8322916666666667 0.46875 0.052083333333333336 0.0390625
1 0.8489583333333334 0.5859375 0.052083333333333336 0.0390625
1 0.8468749999999999 0.6570312500000001 0.052083333333333336 0.0390625
1 0.853125 0.67578125 0.052083333333333336 0.0390625
1 0.042708333333333334 0.39453125 0.052083333333333336 0.0390625
1 0.07604166666666666 0.4765625 0.052083333333333336 0.0390625
1 0.08541666666666667 0.553125 0.052083333333333336 0.0390625
