1 0.7708333333333334 0.6171875 0.052083333333333336 0.0390625
1 0.746875 0.67734375 0.052083333333333336 0.0390625
1 0.296875 0.19921875 0.052083333333333336 0.0390625
1 0.2947916666666667 0.21796875000000002 0.052083333333333336 0.0390625
1 0.2947916666666667 0.25078125 0.052083333333333336 0.0390625
1 0.29791666666666666 0.31171875000000004 0.052083333333333336 0.0390625
1 0.29583333333333334 0.36562500000000003 0.052083333333333336 0.0390625
1 0.303125 0.48359375000000004 0.052083333333333336 0.0390625
1 0.2791666666666667 0.62890625 0.052083333333333336 0.0390625
1 0.8208333333333333 0.40703125 0.052083333333333336 0.0390625
1 0.8072916666666666 0.4296875 0.052083333333333336 0.0390625
1 0.7802083333333333 0.52890625 0.052083333333333336 0.0390625
1 0.728125 0.7359375 0.052083333333333336 0.0390625
1 0.8052083333333333 0.45625000000000004 0.052083333333333336 0.0390625
