1 0.9697916666666666 0.45546875000000003 0.052083333333333336 0.0390625
1 0.9718749999999999 0.58125 0.052083333333333336 0.0390625
1 0.2583333333333333 0.01953125 0.052083333333333336 0.0390625
1 0.2791666666666667 0.07734375 0.052083333333333336 0.0390625
1 0.3072916666666667 0.19296875000000002 0.052083333333333336 0.0390625
1 0.340625 0.3671875 0.052083333333333336 0.0390625
1 0.359375 0.49062500000000003 0.052083333333333336 0.0390625
1 0.35625 0.6078125000000001 0.052083333333333336 0.0390625
1 0.49374999999999997 0.18828125 0.052083333333333336 0.0390625
1 0.546875 0.22187500000000002 0.052083333333333336 0.0390625
1 0.5729166666666666 0.31171875000000004 0.052083333333333336 0.0390625
1 0.590625 0.44062500000000004 0.052083333333333336 0.0390625
1 0.6270833333333333 0.596875 0.052083333333333336 0.0390625
1 0.7166666666666667 0.6859375000000001 0.052083333333333336 0.0390625
1 0.7510416666666666 0.71875 0.052083333333333336 0.0390625
1 0.05625 0.2734375 0.052083333333333336 0.0390625
1 0.057291666666666664 0.34375 0.052083333333333336 0.0390625
1 0.06354166666666666 0.41718750000000004 0.052083333333333336 0.0390625
1 0.090625 0.50234375 0.052083333333333336 0.0390625
1 0.09791666666666667 0.58046875 0.052083333333333336 0.0390625
1 0.09479166666666666 0.63984375 0.052083333333333336 0.0390625
1 0.07291666666666667 0.6578125 0.052083333333333336 0.0390625
1 0.9041666666666667 0.15078125 0.052083333333333336 0.0390625
1 0.9354166666666667 0.1703125 0.052083333333333336 0.0390625
1 0.9791666666666666 0.21015625000000002 0.041666666666666664 0.0390625
1 0.9848958333333333 0.34609375000000003 0.030208333333333334 0.0390625
