1 0.5541666666666667 0.7015625000000001 0.052083333333333336 0.0390625
1 0.9697916666666666 0.06171875 0.052083333333333336 0.0390625
1 0.953125 0.2109375 0.052083333333333336 0.0390625
1 0.9604166666666667 0.34375 0.052083333333333336 0.0390625
1 0.9416666666666667 0.47890625000000003 0.052083333333333336 0.0390625
1 0.928125 0.6734375 0.052083333333333336 0.0390625
1 0.13645833333333332 0.09062500000000001 0.052083333333333336 0.0390625
1 0.29375 0.34140625 0.052083333333333336 0.0390625
1 0.38645833333333335 0.503125 0.052083333333333336 0.0390625
1 0.06458333333333333 0.1125 0.052083333333333336 0.0390625
1 0.04479166666666667 0.215625 0.052083333333333336 0.0390625
1 0.052083333333333336 0.31562500000000004 0.052083333333333336 0.0390625
1 0.041666666666666664 0.4578125 0.052083333333333336 0.0390625
1 0.08125 0.58828125 0.052083333333333336 0.0390625
1 0.103125 0.66953125 0.052083333333333336 0.0390625
1 0.128125 0.70625 0.052083333333333336 0.0390625
1 0.4895833333333333 0.30625 0.052083333333333336 0.0390625
1 0.4864583333333333 0.34765625 0.052083333333333336 0.0390625
1 0.503125 0.42421875000000003 0.052083333333333336 0.0390625
1 0.5072916666666667 0.521875 0.052083333333333336 0.0390625
1 0.528125 0.6257812500000001 0.052083333333333336 0.0390625
