1 0.84375 0.08515625 0.052083333333333336 0.0390625
1 0.8479166666666667 0.17890625000000002 0.052083333333333336 0.0390625
1 0.809375 0.32734375000000004 0.052083333333333336 0.0390625
1 0.8197916666666667 0.53515625 0.052083333333333336 0.0390625
1 0.88125 0.7328125000000001 0.052083333333333336 0.0390625
1 0.4614583333333333 0.21250000000000002 0.052083333333333336 0.0390625
1 0.47812499999999997 0.26953125 0.052083333333333336 0.0390625
1 0.47812499999999997 0.35468750000000004 0.052083333333333336 0.0390625
1 0.49166666666666664 0.47187500000000004 0.052083333333333336 0.0390625
1 0.5104166666666666 0.6039062500000001 0.052083333333333336 0.0390625
1 0.6 0.7046875 0.052083333333333336 0.0390625
1 0.6708333333333333 0.74765625 0.052083333333333336 0.0390625
