1 0.884375 0.36171875000000003 0.052083333333333336 0.0390625
1 0.8760416666666666 0.40703125 0.052083333333333336 0.0390625
1 0.8760416666666666 0.4703125 0.052083333333333336 0.0390625
1 0.8604166666666666 0.5515625000000001 0.052083333333333336 0.0390625
1 0.8572916666666667 0.6578125 0.052083333333333336 0.0390625
1 0.8177083333333334 0.7421875 0.052083333333333336 0.0390625
1 0.509375 0.026562500000000003 0.052083333333333336 0.0390625
1 0.45729166666666665 0.10312500000000001 0.052083333333333336 0.0390625
1 0.41562499999999997 0.20234375000000002 0.052083333333333336 0.0390625
1 0.4 0.30078125 0.052083333333333336 0.0390625
1 0.371875 0.42500000000000004 0.052083333333333336 0.0390625
1 0.3677083333333333 0.5593750000000001 0.052083333333333336 0.0390625
1 0.359375 0.61484375 0.052083333333333336 0.0390625
1 0.6927083333333334 0.01953125 0.052083333333333336 0.0390625
1 0.6822916666666666 0.0765625 0.052083333333333336 0.0390625
1 0.6739583333333333 0.1859375 0.052083333333333336 0.0390625
1 0.6677083333333333 0.28750000000000003 0.052083333333333336 0.0390625
1 0.6385416666666667 0.35468750000000004 0.052083333333333336 0.0390625
1 0.596875 0.4578125 0.052083333333333336 0.0390625
1 0.5833333333333334 0.5078125 0.052083333333333336 0.0390625
