1 0.5572916666666666 0.7117187500000001 0.052083333333333336 0.0390625
1 0.05520833333333333 0.58046875 0.052083333333333336 0.0390625
1 0.035416666666666666 0.671875 0.052083333333333336 0.0390625
1 0.026041666666666668 0.7250000000000001 0.052083333333333336 0.0390625
1 0.378125 0.065625 0.052083333333333336 0.0390625
1 0.3260416666666667 0.21171875 0.052083333333333336 0.0390625
1 0.334375 0.38359375 0.052083333333333336 0.0390625
1 0.42083333333333334 0.59609375 0.052083333333333336 0.0390625
1 0.6322916666666667 0.7375 0.052083333333333336 0.0390625
1 0.7229166666666667 0.07500000000000001 0.052083333333333336 0.0390625
1 0.7 0.25 0.052083333333333336 0.0390625
1 0.821875 0.7109375 0.052083333333333336 0.0390625
1 0.7239583333333334 0.48046875 0.052083333333333336 0.0390625
1 0.778125 0.6429687500000001 0.052083333333333336 0.0390625
