1 0.6395833333333333 0.01953125 0.052083333333333336 0.0390625
1 0.615625 0.1375 0.052083333333333336 0.0390625
1 0.5520833333333334 0.26640625 0.052083333333333336 0.0390625
1 0.4822916666666667 0.44296875 0.052083333333333336 0.0390625
1 0.47812499999999997 0.58515625 0.052083333333333336 0.0390625
1 0.47604166666666664 0.01953125 0.052083333333333336 0.0390625
1 0.43645833333333334 0.11171875 0.052083333333333336 0.0390625
1 0.40729166666666666 0.234375 0.052083333333333336 0.0390625
1 0.4041666666666667 0.38906250000000003 0.052083333333333336 0.0390625
1 0.31354166666666666 0.565625 0.052083333333333336 0.0390625
1 0.20625 0.66953125 0.052083333333333336 0.0390625
1 0.12083333333333333 0.6765625000000001 0.052083333333333336 0.0390625
1 0.8385416666666666 0.10390625 0.052083333333333336 0.0390625
1 0.75 0.234375 0.052083333333333336 0.0390625
1 0.66875 0.40156250000000004 0.052083333333333336 0.0390625
1 0.6489583333333333 0.534375 0.052083333333333336 0.0390625
1 0.6635416666666667 0.62265625 0.052083333333333336 0.0390625
1 0.9625 0.28828125 0.052083333333333336 0.0390625
1 0.9416666666666667 0.4296875 0.052083333333333336 0.0390625
1 0.9354166666666667 0.47109375000000003 0.052083333333333336 0.0390625
1 0.9458333333333333 0.59140625 0.052083333333333336 0.0390625
1 0.9708333333333333 0.62890625 0.052083333333333336 0.0390625
1 0.20729166666666665 0.10625000000000001 0.052083333333333336 0.0390625
1 0.18854166666666666 0.1484375 0.052083333333333336 0.0390625
1 0.15625 0.26640625 0.052083333333333336 0.0390625
1 0.13958333333333334 0.35703125 0.052083333333333336 0.0390625
